NULO de la deriva: sigma 0.03, un gen de 2 por nacimiento, recorte [0, 1.5], 40000 linajes independientes, semilla 20261001
 delta     n   media  mediana P(>0.05) P(>0.10) P(>0.15) P(>0.20)
 0.000    30  0.0763   0.0607   0.5618   0.3109   0.1495   0.0641
 0.000    60  0.1142   0.0938   0.6796   0.4748   0.3091   0.1863
 0.000   150  0.1901   0.1578   0.7916   0.6509   0.5181   0.4047
 0.000   300  0.2743   0.2292   0.8515   0.7481   0.6464   0.5518
 0.000   600  0.3995   0.3359   0.8961   0.8215   0.7487   0.6768
 0.005    30  0.0455   0.0294   0.3583   0.1447   0.0509   0.0155
 0.005    60  0.0574   0.0364   0.4191   0.2063   0.0974   0.0431
 0.005   150  0.0685   0.0423   0.4575   0.2544   0.1376   0.0748
 0.005   300  0.0728   0.0445   0.4701   0.2674   0.1525   0.0857
 0.005   600  0.0737   0.0445   0.4709   0.2692   0.1555   0.0913
 0.010    30  0.0264   0.0097   0.1994   0.0561   0.0131   0.0024
 0.010    60  0.0292   0.0114   0.2214   0.0698   0.0213   0.0063
 0.010   150  0.0298   0.0120   0.2237   0.0727   0.0237   0.0077
 0.010   300  0.0298   0.0115   0.2242   0.0745   0.0243   0.0070
 0.010   600  0.0293   0.0111   0.2174   0.0717   0.0236   0.0080
 0.015    30  0.0156   0.0000   0.1044   0.0177   0.0029   0.0004
 0.015    60  0.0160   0.0000   0.1050   0.0191   0.0041   0.0006
 0.015   150  0.0161   0.0000   0.1096   0.0206   0.0036   0.0007
 0.015   300  0.0161   0.0000   0.1061   0.0195   0.0038   0.0007
 0.015   600  0.0159   0.0000   0.1053   0.0208   0.0045   0.0006
 0.020    30  0.0094   0.0000   0.0485   0.0052   0.0006   0.0001
 0.020    60  0.0096   0.0000   0.0512   0.0055   0.0006   0.0001
 0.020   150  0.0095   0.0000   0.0492   0.0059   0.0008   0.0000
 0.020   300  0.0095   0.0000   0.0504   0.0053   0.0007   0.0001
 0.020   600  0.0095   0.0000   0.0505   0.0060   0.0007   0.0001
PG bajo el nulo (delta 0.0, n 300): P(sel > neu + 0.05) por cadena = 0.4266 -> P(>= 13/20) = 3.71e-02
PG bajo el nulo (delta 0.01, n 300): P(sel > neu + 0.05) por cadena = 0.1476 -> P(>= 13/20) = 4.37e-07
cota sin supuestos (intercambiabilidad sel/neu bajo el nulo, empates en contra): p <= 0.5 -> P(>= 13/20) <= 0.132
